kw20	983718	983761	kw20	1044716	1044800	1	2	+	+	4	2	1	1	61083	2	2	2	2	2	0	0	
kw20	1055752	1055876	kw20	1158561	1158614	2	12	+	+	1.5	2.91667	1	1	102863	12	12	12	12	12	0	0	
kw20	659120	659303	kw20	773468	773651	3	2	+	+	2	1	1	1	114532	2	2	2	2	2	0	0	
kw20	1415986	1416263	kw20	1545350	1545651	4	7	+	+	4.14286	4.42857	1	1	129666	7	7	7	7	7	0	0	
kw20	1412290	1412539	kw20	1549073	1549325	5	2	+	+	3	4	1	1	137036	2	2	2	2	2	0	0	
kw20	510019	510062	kw20	801382	801453	6	2	+	+	4	1.5	1	1	291435	2	2	2	2	2	0	0	
kw20	124565	124872	kw20	627915	628220	7	3	+	+	1.66667	1	1	1	503656	3	3	3	3	3	0	0	
kw20	801364	801495	kw20	1356707	1356757	8	12	+	+	0.75	2.66667	1	1	555394	12	12	12	12	12	0	0	
kw20	534774	534890	kw20	1158558	1158615	9	5	+	+	0.8	2.4	1	1	623842	5	5	5	5	5	0	0	
kw20	1066135	1066242	kw20	1828813	1828854	10	2	+	+	2.5	5	1	1	762720	2	2	2	2	2	0	0	
kw20	145326	145375	kw20	1066109	1066155	11	3	+	+	3.66667	0	1	1	920830	3	3	3	3	3	0	0	
kw20	583765	583827	kw20	1794456	1794500	12	2	+	+	1	7	1	1	1210736	2	2	2	2	2	0	0	
kw20	83472	83668	kw20	84474	84592	13	4	+	-	1	3.25	1	1	1121	4	4	4	4	4	0	0	
kw20	103128	103351	kw20	103790	103989	14	10	+	-	2.6	1.3	1	1	862	10	10	10	10	10	0	0	
kw20	141936	141998	kw20	146499	146569	15	2	+	-	1	1	1	1	4634	2	2	2	2	2	0	0	
kw20	303862	304084	kw20	304581	304786	16	45	+	-	1.6	1.13333	1	1	925	45	45	45	45	45	0	0	
kw20	425964	426207	kw20	426952	427205	17	25	+	-	2.08	1.24	1	1	1242	25	25	25	25	25	0	0	
kw20	442722	442887	kw20	444020	444226	18	54	+	-	1.44444	0.666667	1	1	1505	54	54	54	54	54	0	0	
kw20	445969	446151	kw20	446622	446810	19	23	+	-	2.34783	0.391304	1	1	842	23	23	23	23	23	0	0	
kw20	527922	528140	kw20	530606	530813	20	81	+	-	1.76543	0.790123	1	1	2892	81	81	81	81	81	0	0	
kw20	574710	574783	kw20	575246	575319	21	11	+	-	0	0	1	1	610	11	11	11	11	11	0	0	
kw20	685248	685289	kw20	689347	689396	22	3	+	-	4	2.33333	1	1	4149	3	3	3	3	3	0	0	
kw20	702959	703022	kw20	703372	703424	23	2	+	-	0	4	1	1	466	2	2	2	2	2	0	0	
kw20	731379	731575	kw20	732931	733102	24	15	+	-	0.533333	0.4	1	1	1724	15	15	15	15	15	0	0	
kw20	801285	801522	kw20	801882	802114	25	112	+	-	1.23214	1.28571	1	1	830	112	112	112	112	112	0	0	
kw20	802956	803079	kw20	804341	804440	26	9	+	-	0	1.88889	1	1	1485	9	9	9	9	9	0	0	
kw20	1030054	1030142	kw20	1032693	1032768	27	15	+	-	1.53333	3.13333	1	1	2715	15	15	15	15	15	0	0	
kw20	1035350	1035466	kw20	1036084	1036241	28	7	+	-	2.85714	3.71429	1	1	892	7	7	7	7	7	0	0	
kw20	1049780	1049822	kw20	1050213	1050258	29	2	+	-	1.5	5	1	1	479	2	2	2	2	2	0	0	
kw20	1166554	1166767	kw20	1167233	1167448	30	27	+	-	1.07407	0.185185	1	1	895	27	27	27	27	27	0	0	
kw20	1173583	1173810	kw20	1177785	1178015	31	11	+	-	0.0909091	0.272727	1	1	4433	11	11	11	11	11	0	0	
kw20	1230738	1230913	kw20	1231868	1232035	32	16	+	-	3.1875	2.875	1	1	1298	16	16	16	16	16	0	0	
kw20	1379602	1379694	kw20	1380146	1380344	33	7	+	-	0	2.28571	1	1	743	7	7	7	7	7	0	0	
kw20	1406962	1407036	kw20	1407388	1407452	34	12	+	-	1.16667	1.25	1	1	491	12	12	12	12	12	0	0	
kw20	1418851	1419057	kw20	1419480	1419656	35	44	+	-	0.477273	1.06818	1	1	806	44	44	44	44	44	0	0	
kw20	1498596	1498780	kw20	1501074	1501248	36	10	+	-	1.9	2	1	1	2653	10	10	10	10	10	0	0	
kw20	1511102	1511261	kw20	1511619	1511759	37	31	+	-	1.29032	4	1	1	658	31	31	31	31	31	0	0	
kw20	1512196	1512409	kw20	1512834	1513058	38	27	+	-	1.33333	1.66667	1	1	863	27	27	27	27	27	0	0	
kw20	1536894	1537130	kw20	1537818	1538002	39	27	+	-	1.92593	2.2963	1	1	1109	27	27	27	27	27	0	0	
kw20	1542937	1543161	kw20	1543551	1543767	40	10	+	-	3	1.9	1	1	831	10	10	10	10	10	0	0	
kw20	1585176	1585244	kw20	1585588	1585645	41	2	+	-	0	1.5	1	1	470	2	2	2	2	2	0	0	
kw20	1692976	1693175	kw20	1693854	1694095	42	5	+	-	4	1.8	1	1	1120	5	5	5	5	5	0	0	
kw20	1711403	1711475	kw20	1712025	1712136	43	5	+	-	0.6	0.8	1	1	734	5	5	5	5	5	0	0	
kw20	1716696	1716897	kw20	1717494	1717727	44	12	+	-	0.333333	0.75	1	1	1032	12	12	12	12	12	0	0	
kw20	1789143	1789222	kw20	1790500	1790573	45	2	+	-	0.5	0.5	1	1	1431	2	2	2	2	2	0	0	
kw20	1792875	1793087	kw20	1794486	1794719	46	34	+	-	1.17647	1.38235	1	1	1845	34	34	34	34	34	0	0	
kw20	1804522	1804720	kw20	1809032	1809170	47	10	+	-	0.2	0.7	1	1	4649	10	10	10	10	10	0	0	
kw20	1073329	1073504	kw20	1082623	1082780	48	21	+	-	1	0.142857	1	1	9452	21	21	21	21	21	0	0	
kw20	1379302	1379415	kw20	1418844	1418911	49	20	+	-	1.7	0.15	1	1	39610	20	20	20	20	20	0	0	
kw20	1379595	1379701	kw20	1419480	1419652	50	27	+	-	0.185185	1.11111	1	1	40058	27	27	27	27	27	0	0	
kw20	1380594	1380636	kw20	1420118	1420166	51	2	+	-	0	0.5	1	1	39573	2	2	2	2	2	0	0	
kw20	126941	127023	kw20	245774	245856	52	2	+	-	3	3.5	1	1	118916	2	2	2	2	2	0	0	
kw20	1026248	1026361	kw20	1158553	1158614	53	7	+	-	2	2.85714	1	1	132367	7	7	7	7	7	0	0	
kw20	625883	626146	kw20	773488	773732	54	2	+	-	2	1.5	1	1	147850	2	2	2	2	2	0	0	
kw20	1055776	1055828	kw20	1230946	1231142	55	2	+	-	2	4.5	1	1	175367	2	2	2	2	2	0	0	
kw20	1158571	1158618	kw20	1330973	1331019	56	2	+	-	1.5	2	1	1	172449	2	2	2	2	2	0	0	
kw20	1106487	1106568	kw20	1406969	1407144	57	18	+	-	0.777778	3.66667	1	1	300658	18	18	18	18	18	0	0	
kw20	242719	243097	kw20	661631	661939	58	2	+	-	2	1	1	1	419221	2	2	2	2	2	0	0	
kw20	123829	123891	kw20	661930	661992	59	2	+	-	1	0	1	1	538164	2	2	2	2	2	0	0	
kw20	801372	801506	kw20	1771658	1771713	60	8	+	-	0.875	3.5	1	1	970342	8	8	8	8	8	0	0	
kw20	661991	662203	kw20	1816657	1816869	61	2	+	-	2	0	1	1	1154879	2	2	2	2	2	0	0	
kw20	658046	658338	kw20	1820767	1821059	62	2	+	-	2	2	1	1	1163014	2	2	2	2	2	0	0	
kw20	464473	464622	kw20	1759184	1759227	63	2	+	-	1.5	4	1	1	1294755	2	2	2	2	2	0	0	
kw20	127661	127972	kw20	1820941	1821256	64	2	+	-	3	1	1	1	1693596	2	2	2	2	2	0	0	
kw20	128407	128550	kw20	1821690	1821829	65	3	+	-	3	2.66667	1	1	1693423	3	3	3	3	3	0	0	
kw20	327442	327695	kw20	327714	328009	66	49	-	+	1.63265	0.0612245	1	1	568	49	49	49	49	49	0	0	
kw20	706854	706954	kw20	707136	707243	67	40	-	+	0.35	0.525	1	1	390	40	40	40	40	40	0	0	
kw20	623872	623975	kw20	657157	657264	68	2	-	+	3	3	1	1	33393	2	2	2	2	2	0	0	
kw20	1380146	1380379	kw20	1418856	1419066	69	16	-	+	0.9375	0.5	1	1	38921	16	16	16	16	16	0	0	
kw20	676190	676321	kw20	759402	759540	70	9	-	+	0.222222	4.44444	1	1	83351	9	9	9	9	9	0	0	
kw20	1666384	1666447	kw20	1748332	1748488	71	5	-	+	2.6	2.6	1	1	82105	5	5	5	5	5	0	0	
kw20	615712	615790	kw20	706854	706901	72	4	-	+	0.5	4	1	1	91190	4	4	4	4	4	0	0	
kw20	128921	128967	kw20	247580	247623	73	2	-	+	0	1	1	1	118703	2	2	2	2	2	0	0	
kw20	283550	283706	kw20	404358	404485	74	2	-	+	2	1	1	1	120936	2	2	2	2	2	0	0	
kw20	1026507	1026614	kw20	1158558	1158612	75	6	-	+	0.333333	2.16667	1	1	132106	6	6	6	6	6	0	0	
kw20	1055922	1056008	kw20	1230943	1231243	76	4	-	+	2.5	2.5	1	1	175322	4	4	4	4	4	0	0	
kw20	1055977	1056041	kw20	1231204	1231846	77	2	-	+	2.5	3.5	1	1	175870	2	2	2	2	2	0	0	
kw20	1108420	1108627	kw20	1406990	1407458	78	54	-	+	0.759259	2.55556	1	1	299039	54	54	54	54	54	0	0	
kw20	379251	379329	kw20	916327	916404	79	6	-	+	0.5	3	1	1	537154	6	6	6	6	6	0	0	
kw20	1066336	1066507	kw20	1665227	1665313	80	12	-	+	1.58333	3.91667	1	1	598978	12	12	12	12	12	0	0	
kw20	126528	126679	kw20	773490	773638	81	2	-	+	1	5	1	1	647111	2	2	2	2	2	0	0	
kw20	414443	414613	kw20	1543731	1543849	82	7	-	+	2	4.85714	1	1	1129407	7	7	7	7	7	0	0	
kw20	464779	464842	kw20	1759114	1759229	83	3	-	+	0	5	1	1	1294451	3	3	3	3	3	0	0	
kw20	3	245	kw20	1829945	1830138	84	119	-	+	0.235294	0.218487	1	1	1830136	119	119	119	119	119	0	0	
kw20	574823	574874	kw20	574988	575039	85	3	-	-	1.33333	0.333333	1	1	217	3	3	3	3	3	0	0	
kw20	596866	597041	kw20	672401	672578	86	2	-	-	0	1	1	1	75713	2	2	2	2	2	0	0	
kw20	1415833	1416027	kw20	1545568	1545776	87	3	-	-	2	2.66667	1	1	129944	3	3	3	3	3	0	0	
kw20	477334	477527	kw20	693286	693351	88	6	-	-	2.33333	1.16667	1	1	216018	6	6	6	6	6	0	0	
kw20	243982	244481	kw20	627545	627639	89	2	-	-	2	2	1	1	383658	2	2	2	2	2	0	0	
kw20	145320	145374	kw20	576922	577022	90	7	-	-	4.85714	2.85714	1	1	431703	7	7	7	7	7	0	0	
kw20	242496	242738	kw20	776267	776493	91	3	-	-	2	0	1	1	533998	3	3	3	3	3	0	0	
kw20	535126	535271	kw20	1158545	1158610	92	9	-	-	0	2.22222	1	1	623485	9	9	9	9	9	0	0	
kw20	145323	145368	kw20	1066371	1066429	93	2	-	-	2	3	1	1	921107	2	2	2	2	2	0	0	
kw20	706634	706882	kw20	1633428	1633748	94	3	-	-	2.66667	2	1	1	927115	3	3	3	3	3	0	0	
kw20	615619	615791	kw20	1633391	1633621	95	79	-	-	0.151899	0.455696	1	1	1018003	79	79	79	79	79	0	0	
kw20	657272	657535	kw20	1821312	1821607	96	2	-	-	2	2	1	1	1164336	2	2	2	2	2	0	0	
kw20	242620	242668	kw20	1816822	1816870	97	2	-	-	1	0	1	1	1574251	2	2	2	2	2	0	0	
kw20	123796	123851	kw20	1816835	1816890	98	2	-	-	1	3	1	1	1693095	2	2	2	2	2	0	0	
kw20	126376	126551	kw20	1819230	1819590	99	2	-	-	1	1	1	1	1693215	2	2	2	2	2	0	0	
